hoyde1 = [155,176,190,180,164,152,192];
hoyde2 = [2008, [155,176,190,180,164,152,192]; 2009, [155,176,190,180,164,146,198]; 2010, [160,176,190,200,164,160,192];];