% -------------------------------------------------------------------
%  Generated by MATLAB on 24-Nov-2019 14:08:21
%  MATLAB version: 9.6.0.1174912 (R2019a) Update 5
% -------------------------------------------------------------------
                                     

ans = 0.0625;

tab = [1 2 3 5];

tab1 = ...
  [1 2 3 5;
   1 2 3 5;
   1 2 3 5];

tab2 = ...
  [1 2 3 5;
   1 2 3 5;
   1 2 3 5];

tab3 = [1 3 3 5];

tab4 = 1;

